incr =

     1

Matrix is ILL!!! (cond = Inf) 

incr =

     2

Matrix is ILL!!! (cond = Inf) 

incr =

     3

Matrix is ILL!!! (cond = Inf) 

incr =

     4

Matrix is ILL!!! (cond = Inf) 

incr =

     5

Matrix is ILL!!! (cond = Inf) 

incr =

     6

Matrix is ILL!!! (cond = Inf) 
node 20 just entered. Increment will Redo...

incr =

     6

Matrix is ILL!!! (cond = Inf) 
node 20 first slide

incr =

     7

Matrix is ILL!!! (cond = Inf) 
 Iter  Func-count            Fval   Feasibility   Step Length       Norm of   First-order  
                                                                       step    optimality
    0           1    6.000716e-03     2.167e-11     1.000e+00     0.000e+00     1.509e+00  
Matrix is ILL!!! (cond = Inf) 
Matrix is ILL!!! (cond = Inf) 
    1           3    4.920167e-03     6.851e-08     1.000e+00     7.517e-04     5.710e-01  
Matrix is ILL!!! (cond = Inf) 
Matrix is ILL!!! (cond = Inf) 
    2           5    4.934833e-03     5.024e-10     1.000e+00     1.073e-05     9.345e-03  
Matrix is ILL!!! (cond = Inf) 
Matrix is ILL!!! (cond = Inf) 
    3           7    4.934935e-03     1.011e-11     1.000e+00     7.418e-08     3.372e-05  
Matrix is ILL!!! (cond = Inf) 
Matrix is ILL!!! (cond = Inf) 
    4           9    4.934935e-03     2.176e-12     1.000e+00     2.859e-10     2.114e-12  

Feasible point with lower objective function value found.


Optimization completed: The relative first-order optimality measure, 1.544763e-12,
is less than options.OptimalityTolerance = 1.000000e-05, and the relative maximum constraint
violation, 2.175897e-12, is less than options.ConstraintTolerance = 1.000000e-07.

Matrix is ILL!!! (cond = Inf) 
node 20 plastic

incr =

     8

Matrix is ILL!!! (cond = 6.87466e+103) 
 Iter  Func-count            Fval   Feasibility   Step Length       Norm of   First-order  
                                                                       step    optimality
    0           1    9.933406e-04     5.743e-06     1.000e+00     0.000e+00     6.139e-01  
Matrix is ILL!!! (cond = 6.87466e+103) 
Matrix is ILL!!! (cond = 6.87466e+103) 
    1           3    1.174191e-03     5.474e-07     1.000e+00     2.823e-04     1.628e-01  
Matrix is ILL!!! (cond = 6.87466e+103) 
Matrix is ILL!!! (cond = 6.87466e+103) 
    2           5    1.196152e-03     6.787e-09     1.000e+00     3.275e-05     1.862e-03  
Matrix is ILL!!! (cond = 6.87466e+103) 
Matrix is ILL!!! (cond = 6.87466e+103) 
    3           7    1.196432e-03     1.033e-11     1.000e+00     4.144e-07     2.394e-05  
Matrix is ILL!!! (cond = 6.87466e+103) 
    4           8    1.196432e-03     1.033e-11     7.000e-01     3.742e-10     1.033e-11  

Feasible point with lower objective function value found.


Optimization completed: The relative first-order optimality measure, 1.032700e-11,
is less than options.OptimalityTolerance = 1.000000e-05, and the relative maximum constraint
violation, 1.032700e-11, is less than options.ConstraintTolerance = 1.000000e-07.

Matrix is ILL!!! (cond = 6.87466e+103) 
node 20 plastic

incr =

     9

Matrix is ILL!!! (cond = 2.69955e+126) 
 Iter  Func-count            Fval   Feasibility   Step Length       Norm of   First-order  
                                                                       step    optimality
    0           1    1.196432e-03     1.399e-06     1.000e+00     0.000e+00     6.737e-01  
Matrix is ILL!!! (cond = 2.69955e+126) 
Matrix is ILL!!! (cond = 2.69955e+126) 
    1           3    1.227231e-03     1.889e-08     1.000e+00     4.543e-05     2.313e-02  
Matrix is ILL!!! (cond = 2.69955e+126) 
Matrix is ILL!!! (cond = 2.69955e+126) 
    2           5    1.227659e-03     7.044e-11     1.000e+00     6.271e-07     3.062e-05  
Matrix is ILL!!! (cond = 2.69955e+126) 
Matrix is ILL!!! (cond = 2.69955e+126) 
    3           7    1.227661e-03     1.844e-11     1.000e+00     2.332e-09     1.844e-11  

Feasible point with lower objective function value found.


Optimization completed: The relative first-order optimality measure, 1.843796e-11,
is less than options.OptimalityTolerance = 1.000000e-05, and the relative maximum constraint
violation, 1.843796e-11, is less than options.ConstraintTolerance = 1.000000e-07.

Matrix is ILL!!! (cond = 2.69955e+126) 
node 15 just entered. Increment will Redo...
node 20 plastic
node 25 just entered. Increment will Redo...

incr =

     9

Matrix is ILL!!! (cond = 1.46247e+127) 
 Iter  Func-count            Fval   Feasibility   Step Length       Norm of   First-order  
                                                                       step    optimality
    0           1    9.933406e-04     1.576e-05     1.000e+00     0.000e+00     6.139e-01  
Matrix is ILL!!! (cond = 1.36362e+128) 
Matrix is ILL!!! (cond = 1.36362e+128) 
    1           3    1.269721e-03     1.621e-06     1.000e+00     4.226e-04     1.969e-01  
Matrix is ILL!!! (cond = 1.36362e+128) 
Matrix is ILL!!! (cond = 1.36362e+128) 
    2           5    1.307268e-03     2.405e-08     1.000e+00     5.370e-05     2.760e-03  
Matrix is ILL!!! (cond = 5.9235e+125) 
Matrix is ILL!!! (cond = 5.9235e+125) 
    3           7    1.307843e-03     6.739e-11     1.000e+00     8.169e-07     2.192e-05  
Matrix is ILL!!! (cond = 2.2632e+125) 
Matrix is ILL!!! (cond = 2.2632e+125) 
    4           9    1.307845e-03     7.045e-16     1.000e+00     2.290e-09     1.229e-11  

Feasible point with lower objective function value found.


Optimization completed: The relative first-order optimality measure, 1.229405e-11,
is less than options.OptimalityTolerance = 1.000000e-05, and the relative maximum constraint
violation, 7.044942e-16, is less than options.ConstraintTolerance = 1.000000e-07.

Matrix is ILL!!! (cond = 2.2632e+125) 
node 15 first slide
node 20 plastic
node 25 first slide

